483454
669311
998720
182339
304727
702754
168172
649111
372634
379715
971060
190996
504883
732446
193982
437462
163617
282731
374254
476405
175386
610189
370753
407210
175057
284764
281912
724711
674276
359612
534743
117100
710663
514293
135674
407712
670251
914669
422924
499327
669795
805328
199066
756583
329534
618588
936745
335226
417706
186888
123823
762151
397805
285787
673534
780162
138586
512641
545864
658962
501707
829302
868215
447191
619573
690681
136506
430522
415695
707581
650327
119125
750090
138079
721469
666380
738045
255904
620846
541812
283365
309713
154134
979094
728279
466049
448022
794440
854809
697516
327298
620211
985735
863842
390817
413876
116495
496005
798341
232431
483166
531592
409836
975570
525131
181100
257837
146481
232670
649705
733597
882492
454708
479955
549966
276456
840531
302752
473855
880069
582292
887861
648178
534605
134344
103891
128525
510846
779558
969388
755351
801135
196023
234914
396546
749006
899288
244911
437857
269827
615083
827206
225023
373421
689306
209525
346076
101906
253534
804634
920184
193173
786258
142843
682256
339251
237478
836471
693646
665159
272543
335238
654186
213715
618784
210408
666662
720286
717443
446542
956223
993453
867483
303652
854132
129344
873066
938642
188275
136573
474663
511113
326502
826850
614185
101812
781449
106941
601427
246609
898071
354313
236384
292990
292994
360249
530709
316389
265960
609260
652862
320935
802133
809720
213294
218953
464240
282760
648173
874137
584722
889821
897068
719807
101555
850569
561364
497459
438378
452640
953938
534798
781165
301650
960250
453316
486003
828543
913432
152771
345448
875475
974309
887783
363989
390996
632139
614295
736555
178210
215336
817868
566819
315006
879961
341297
220304
867994
324958
743856
472762
273258
285461
719511
582373
890708
486797
882130
184041
564641
510263
333505
463448
404794
719321
713667
477992
600760
819396
515199
847424
420548
239799
512386
422617
910162
774448
182024
837761
594797
891086
922965
339333
417837
876075
745992
241095
521984
457044
796043
625969
966904
281449
646568
347964
651798
784740
423366
691438
616852
577009
440333
554369
743715
902408
538288
745938
378824
132430
287928
253968
991767
569243
777388
694886
569243
777388
647495
694886
643782
958848
508741
167063
478312
857575
